8.0000e+00 0.0000e+00
1.8000e+01 3.6510e+00
2.3000e+01 4.8872e+00
2.8000e+01 1.2026e+01
3.4000e+01 2.0856e+01
3.8000e+01 1.9969e+01
4.4000e+01 1.4045e+01
4.9000e+01 1.2326e+01
5.4000e+01 1.1162e+01
7.3000e+01 7.3990e+00
8.1000e+01 6.5845e+00
8.6000e+01 6.2739e+00
9.1000e+01 6.0967e+00
9.6000e+01 5.9497e+00
1.0100e+02 5.8289e+00
1.0600e+02 5.7065e+00
1.2100e+02 5.5248e+00
1.4100e+02 5.4258e+00
1.6100e+02 5.1708e+00
1.8500e+02 4.8890e+00
2.1300e+02 4.6099e+00
2.4100e+02 4.4213e+00
2.7100e+02 4.2366e+00
3.0100e+02 4.0920e+00
3.6800e+02 3.8908e+00
4.2300e+02 3.6235e+00
4.8900e+02 3.4286e+00
5.4800e+02 3.2933e+00
6.0700e+02 3.1777e+00
9.0400e+02 2.7127e+00
1.2100e+03 2.4347e+00
1.6190e+03 2.1547e+00
1.8050e+03 2.0610e+00
2.0830e+03 1.8967e+00
2.4190e+03 1.7529e+00
2.9960e+03 1.5721e+00
3.5720e+03 1.4078e+00
4.2280e+03 1.2485e+00
4.8080e+03 1.1551e+00
5.4200e+03 1.0408e+00
